0	17.2388416451	96.3152479853	726.4509147157969
1	16.7999806672	97.113079158	720.4827671684029
2	18.0521598175	99.0460743647	706.4217380526158
3	17.7562020552	97.4631183758	717.8951501450529
4	19.329276021	97.6638164584	716.4198834048541
5	19.320370447	98.607943422	709.5604833838332
6	22.3544168553	99.6490859089	702.1469325264618
7	21.7448911875	99.7646334418	701.333705002962
8	23.4015803278	100.5212537267	696.0547884751993
9	23.7064107111	100.8667124523	693.67086820727
10	24.4986171752	100.9917896907	692.8117643452669
11	24.7526357756	101.5681115979	688.8805836717619
12	25.9291647134	102.5835119615	682.0618505073153
13	25.855210409	102.980264908	679.43406498816
14	27.9294589011	106.9750634183	654.0617763076799
15	26.9541692848	104.0189248284	672.6497136499603
16	30.3769760256	105.9476583366	660.4044024994671
17	30.3229628782	106.5221533459	656.8427111381997
18	31.4846550111	107.5301516067	650.6854026944421
19	31.1423488992	107.451266964	651.1630991139627
20	32.9939533786	108.1778462911	646.7895451691612
21	32.2193779609	108.0794711772	647.3782600701716
22	34.6874703745	109.5376998293	638.7599895655682
23	33.612439096	113.6088432806	615.8701909074704
24	37.5526646787	112.3339082663	622.8600168894006
25	36.8410073733	112.2531604448	623.3080629779382
26	38.5742548765	114.4501579461	611.3429745807025
27	37.6744096672	114.1317272224	613.0486386459216
28	40.0215049158	114.9957136603	608.4426781913627
29	38.923861894	115.8426206533	603.9944504484656
30	49.7476613882	139.4515373076	501.73918015450073
31	49.2784665609	139.1499616456	502.8265848768377
32	33.0176925611	99.5416998113	702.9044122477119
33	32.8049012057	100.2396116723	698.0104854030964
34	34.9616286166	101.2380800214	691.1263033160043
35	34.6584085826	100.7245162697	694.6501466698818
36	37.9788816532	101.6965550943	688.0105224323539
37	37.8053554718	102.3121659308	683.8707729765379
38	43.3128497701	104.0381497116	672.525416820237
39	43.305601981	104.2188088209	671.3596210856767
40	46.208296183	104.7368783831	668.0388138366538
41	45.7480369453	105.5449394027	662.9242519439081
42	48.8366177566	106.3259204193	658.0549665037232
43	48.5449308968	106.9493903451	654.2187830545747
44	51.5383873543	112.0472043107	624.4537775880799
45	50.6863366576	108.1139838376	647.171600901329
46	54.4375101816	108.8513151734	642.7878238176598
47	53.5417133804	109.8188626474	637.1246096824927
48	60.0425795358	111.7851371835	625.9177361400389
49	59.5222351927	112.6474667806	621.1262623088995
50	62.5469622796	113.1181296114	618.5418751208615
51	61.5983729144	114.3859834746	611.6859590190684
52	65.5995131541	115.7999379579	604.2170767434914
53	64.4186626541	115.3478294406	606.5853197179681
54	67.6859920104	116.7798267557	599.1471467616718
55	67.4797678328	117.6978462247	594.473919823662
56	72.7174400274	120.8279898855	579.0736075830106
57	72.9900668874	120.9789847018	578.3508612877206
58	76.3371675	122.7965734471	569.7903291262595
59	75.3753849436	122.6007035458	570.7006401791317
60	78.1329487814	124.5266053551	561.8743063016809
61	77.8253488887	136.2431107546	513.5547743476465
62	97.0694715045	154.3276651918	453.3749662644263
63	96.6400113425	154.9493051665	451.55607458075343
64	47.9688500944	102.3447224273	683.6532294051761
65	47.4656801211	102.5977452132	681.9672289542484
66	52.5759299251	103.6878214367	674.7976669826619
67	51.8809017475	104.0242775216	672.6151016571254
68	56.4887355929	104.5009111439	669.5472722113605
69	55.3368396956	104.8149711482	667.5410891548156
70	64.0092337285	107.191086343	652.7436411653572
71	63.2801817763	108.2697895275	646.2402883144831
72	68.4205066409	109.0389105509	641.6819431384395
73	67.8365314851	109.2120067623	640.6649055747694
74	72.5310426731	110.6241798725	632.4864969000632
75	71.4822639956	110.8301148617	631.3112648787774
76	76.5370581427	112.1129905999	624.087357099387
77	75.4620028547	112.711495046	620.7734177551671
78	80.429507376	121.088977509	577.8255084761912
79	79.4571476786	114.2691277834	612.3114909271617
80	87.8554680478	117.5439618266	595.2521840570316
81	86.9336696556	118.6301071204	589.802215461104
82	91.4188105935	119.8121112585	583.9835327585561
83	90.9234512019	120.2828997849	581.6978151102377
84	96.1081823102	121.836936561	574.2782277275088
85	94.9934626039	121.5839380142	575.4732174559791
86	99.6351890347	123.1677460096	568.0732356224697
87	99.2336223375	124.6489264465	561.3229250717276
88	107.9927494913	128.931922716	542.6763095290223
89	106.4206165346	129.5303194566	540.169284639519
90	112.0365472811	131.9886299927	530.1085404392014
91	110.5935782727	132.1735280715	529.3669694747822
92	116.1404754233	133.5824302112	523.7837033611148
93	113.9083887861	133.9082951845	522.5090790947423
94	136.0199496157	160.348833238	436.3505401760459
95	133.6542655182	161.2691526386	433.86040575780265
96	63.4077189071	104.7860403976	667.7253929484536
97	62.7693595407	105.4326546747	663.6302596750402
98	68.8966172657	107.0734301606	653.4608996373254
99	67.8115145004	106.490951542	657.0351657756061
100	74.0102592363	110.2796258233	634.462616985204
101	72.6996109947	108.1285165036	647.084619880737
102	84.3152162767	111.4417410695	627.846436429638
103	83.2387058776	111.5185363743	627.4140808767335
104	90.1175424798	112.936523266	619.5365146419754
105	88.5521789498	113.597920942	615.9294062760524
106	95.2535898733	115.1556512364	607.5976232930499
107	94.127760623	115.4005138659	606.3083920172658
108	100.7352218045	117.380415988	596.0815474291128
109	98.9905672493	117.8266287455	593.8241698413374
110	105.8246783016	119.0086416493	587.9262130071673
111	104.4623598523	119.4393778151	585.8059651676646
112	116.5339169049	122.8347358663	569.613306094111
113	114.9294088951	123.4617529078	566.7204486579064
114	121.9869610542	125.1092776	559.2574854736433
115	120.1139492151	125.5526724273	557.2824428768288
116	126.0962314994	128.0526909219	546.4024183816178
117	124.6682600889	128.6100236096	544.0345786141141
118	132.0612815531	130.7235988742	535.2384772341909
119	129.6832009908	131.6546136383	531.4534604326645
120	142.011416624	136.7973430662	511.47411515251736
121	140.2344488342	137.5882288669	508.5340553928191
122	148.0810892639	139.4771417099	501.6470737945564
123	144.7682120473	139.8527732774	500.2996963186198
124	152.7392076202	142.1175240514	492.3270403633994
125	150.2174088796	154.2169749479	453.70037911609785
126	178.2731375654	173.6329259165	402.9667739035149
127	174.8840165278	174.249564449	401.5407454316971
128	79.1186984203	107.866629623	648.6556615752545
129	77.5137648316	106.9913560771	653.962175688095
130	85.7921310282	108.7785159911	643.2180046078644
131	83.9674676571	109.6772554464	637.9472180920317
132	91.5570158263	111.1168725808	629.6820489536518
133	90.690837305	111.3532570606	628.345338492634
134	104.8820035348	114.6837918207	610.0975463855476
135	103.4242683061	114.7453958467	609.7699997782721
136	111.5710562548	116.8121780026	598.9812123736161
137	109.611703408	117.0724430571	597.6496105567235
138	117.3205789291	119.2879097126	586.5498034844807
139	116.6919280593	119.3565939911	586.2122708127654
140	124.6499906573	121.010071803	578.2022847974658
141	123.0172472311	121.9365513618	573.8090770862945
142	130.5507879121	123.5389718061	566.3662160781006
143	129.0185575622	124.4648076693	562.153280997341
144	143.7900861262	129.6323042701	539.7443206302579
145	141.4057389663	129.0902494061	542.0107275483638
146	149.9223567777	131.3354800967	532.7448450980921
147	148.1142576256	131.961995192	530.2155359063693
148	156.8960790556	134.7452730157	519.263484603631
149	154.1954483308	134.7240789709	519.3451722547159
150	163.3195386168	137.8916088303	507.41521252470386
151	160.0053056795	138.1386160818	506.5078975350937
152	176.1846171649	144.5533078378	484.03112351126447
153	173.5422278808	145.0837505402	482.2614506413184
154	182.1822177268	163.1993893593	428.7289325939676
155	179.7575347856	147.5398318892	474.23329079394
156	188.8723967604	152.8387254885	457.7917002145154
157	185.1945052927	152.0603152757	460.1351764471929
158	214.5703513134	183.7533963387	380.77282594021966
159	211.2973051807	183.2543551116	381.8097526653052
160	94.2598501243	110.2136713529	634.8422944369955
161	92.9403723417	109.5639123298	638.6071701180892
162	102.0029328378	111.6166105579	626.8627908540965
163	100.8914859506	112.1505439336	623.8783829833721
164	109.1700296466	113.6951693909	615.4025749276923
165	107.6452463726	114.0924023786	613.2599414272985
166	124.7407042567	118.7009397803	589.4502615522862
167	123.7026759015	118.0863473934	592.5181152983196
168	132.8200697806	120.7458454362	579.4675563969614
169	130.6770931862	121.3968494929	576.360097418279
170	140.6606039608	123.8309413845	565.0308333096302
171	138.2602904379	123.5279172392	566.4169004364663
172	148.2876604173	126.4094008552	553.5055108768975
173	146.4239618728	126.1169131906	554.7891890935928
174	156.4426380006	128.1767249085	545.8736759731335
175	154.4304165435	129.8897051252	538.6747158487882
176	170.8930208395	133.7921625967	522.9626208443228
177	168.9030947783	135.0642050052	518.0373289674063
178	178.8651441695	137.7407003172	507.9711359015277
179	176.8513198951	139.1744356124	502.7381623077769
180	186.2729331091	140.4452839766	498.18903147832026
181	184.0675027863	141.971309148	492.8340833080617
182	194.6978055746	145.5090516942	480.8518726865495
183	191.218820274	145.4025918144	481.20393953714006
184	209.4736706671	170.4890596882	410.39759459030375
185	205.0249933015	151.6954410539	461.2419431585888
186	216.6596150596	158.9304237041	440.2448465768168
187	214.3053574275	156.6157851767	446.75126406357475
188	225.4415585942	162.5007563297	430.5721498184314
189	221.5852063731	162.4338200429	430.74958146967697
190	255.9992626082	196.3041402883	356.42804016890216
191	251.8606887185	195.187427683	358.46724776574297
192	109.2820687147	112.1247323727	624.0220022771337
193	107.9863054465	111.8007508462	625.8303228772828
194	117.9148546692	113.9819716166	613.8540947102728
195	116.8261983614	114.5559017635	610.7786584793262
196	126.5781418191	115.4641532253	605.9742183660587
197	125.5414389263	116.3319113974	601.454056410903
198	145.1368342628	121.4422491574	576.1446324113681
199	143.0234116002	121.6249986615	575.2789374718262
200	153.4133021125	124.1417608903	563.6161393089042
201	151.507068224	123.279190542	567.5596967532205
202	162.9294120381	126.9739159007	551.0446732596539
203	160.3622225299	126.6961617455	552.2527204932089
204	171.3824200968	130.160103733	537.555656405494
205	169.3256900387	130.9046408092	534.4982390806317
206	180.8010990733	134.1078668707	521.7315108550633
207	177.4282509364	134.0432663298	521.9829530850884
208	198.7456548171	140.3598458144	498.4922831314604
209	195.8480732428	141.0175671884	496.1672605408239
210	207.9129208315	143.7587019426	486.7065370967036
211	204.9863779261	144.252129791	485.04171204524835
212	216.6831460292	147.5558763363	474.1817251692009
213	213.2979364061	147.8167536368	473.34485623949536
214	224.6968682006	151.4147216059	462.0970752243791
215	221.8067966963	152.3669360245	459.20920788713227
216	243.0441897081	161.2361946907	433.94909024131005
217	239.7659932603	162.23914531	431.2664484659815
218	251.9717441237	164.5017212017	425.33475935008596
219	247.2950383023	165.6249510209	422.4502381357432
220	260.2061496338	172.6299653529	405.3079652594891
221	257.2071567323	182.79086149	382.77788850963856
222	296.8350970213	216.2633787039	323.5328164173282
223	291.4983183485	209.9406977256	333.2764954961285
224	123.5055421788	114.8086123366	609.4342451841891
225	121.8337216905	113.9063503205	614.2616263547129
226	133.2029667103	116.2715994896	601.7660400918314
227	131.3098239979	117.1517655619	597.244946880724
228	142.8771806168	119.9872617179	583.1310674003151
229	141.0197309731	120.124848647	582.4631688453528
230	163.2114655981	124.9007642234	560.1911280130624
231	160.7904327293	125.3880226086	558.014222924679
232	173.6826791972	127.858039189	547.2342642184019
233	171.0860976367	128.9046801241	542.7909982216289
234	183.4766852592	131.3201843541	532.8068974631735
235	180.8999292945	131.947142922	530.2752181709722
236	193.1483576755	135.0773209333	517.9870278486626
237	190.844304333	134.6090512253	519.7889693382621
238	203.7509702309	137.6654092522	508.24895215194994
239	200.170562493	139.3321667477	502.1690370084982
240	223.1212175758	147.2546184136	475.1518203896139
241	219.8184710628	147.2151111948	475.2793339769013
242	233.1047604192	151.0042965392	463.3530409635501
243	229.8632736055	151.03649475	463.2542625927169
244	243.2799774689	155.0688648316	451.2079202745401
245	239.0733786198	154.806018145	451.9740307154194
246	252.8157903017	161.2894307745	433.80585859852914
247	248.176997177	159.2490595228	439.3639762122583
248	272.7377118805	171.046163455	409.0609142391419
249	267.6918244259	170.4121519762	410.58280872934387
250	282.7769954797	176.6460105437	396.09329293451964
251	277.2558615143	178.3071288079	392.4032677088344
252	292.8722011583	181.3510134666	385.81697814931863
253	287.390372501	179.7723892476	389.20492903742223
254	334.8792098628	218.9348265334	319.58506149009537
255	329.1564333371	216.5826258032	323.05592260931127
256	119.8130541915	116.3557395681	601.3308862950363
257	118.4349065732	116.326426023	601.4824179861411
258	127.772857335	118.0303913651	592.7990171918441
259	125.9906748087	118.8640012865	588.6416344958317
260	142.2538575468	124.89427467	560.2202357543825
261	139.1706929336	124.6031555885	561.5291175375144
262	153.1001675381	127.7150238952	547.8470571905023
263	151.4984967439	128.4413138594	544.7491768621406
264	160.4170505703	131.2638357126	533.035619598946
265	159.3354527977	131.9922082493	530.0941694061783
266	168.6578560384	135.1954567814	517.5344028988565
267	166.1658682458	135.2711566459	517.2447825160273
268	177.0432871307	139.7022594746	500.83871415638276
269	174.6446062697	139.2838660336	502.34317866450715
270	185.0173007388	143.7403233936	486.7687670940312
271	182.7454547065	142.7648778882	490.0946299606867
272	196.8336073325	151.1249772284	462.98303088744007
273	195.6023011585	151.5736199328	461.61264757693573
274	202.734928312	156.7163726382	446.46451945088637
275	202.6879148015	155.4408420605	450.1281585490077
276	209.7143997782	160.8196380778	435.07310945539695
277	207.5842986142	159.5198034131	438.6182687224532
278	217.5524119789	164.5999015834	425.08105610590684
279	215.2789916588	166.6818015328	419.7716808708208
280	231.0481230401	175.8529553893	397.879579817726
281	228.3020574587	175.9679121271	397.6196520957898
282	238.2170331731	182.9109303407	382.5266203046105
283	234.4749341984	183.1029688558	382.12542613168927
284	244.2187799597	187.2223013747	373.71776485092954
285	241.7054130364	185.4927568746	377.2023295082146
286	278.7507375354	232.7955946591	300.5568043607518
287	274.6135041512	232.6280409429	300.77328475277903
288	129.2775196096	119.2921828976	586.528792587026
289	127.5936048704	118.9409860242	588.2606352848302
290	138.1905189599	120.7620422294	579.389837305732
291	137.4149471564	122.0574575681	573.2406802014724
292	149.408347804	124.9181416128	560.1131997054185
293	147.6298264984	124.6980661246	561.1017249464537
294	168.1804339008	132.5027714275	528.051596553086
295	164.2016983743	135.4839773254	516.4322850661
296	181.3636692962	140.0142743743	499.7226198019913
297	176.0364999392	136.5102282089	512.549872035437
298	186.4694066206	139.4231339713	501.8413946598192
299	184.0019764269	140.5865338489	497.688491809612
300	195.8815262089	144.332094243	484.77298390890223
301	193.3177973595	143.6634573653	487.02920898032016
302	205.1520011334	148.6354117375	470.7377547657934
303	203.1145735415	148.2350714715	472.0090819631187
304	222.5786785179	158.0130772981	442.8006921730985
305	219.5416394459	157.7537843757	443.52850409830006
306	230.0694883434	162.932913532	429.4301162561501
307	227.6305482966	163.4027153763	428.1954546402124
308	238.5327180601	168.7235877888	414.69186921026676
309	236.4862103224	168.4048151153	415.47683747697783
310	246.0339199554	173.0015169091	404.43749424904394
311	244.7744711002	172.1885431785	406.3470118767836
312	263.6256477811	185.1207272424	377.960377761386
313	260.954813129	185.2614472503	377.6732884174676
314	270.5422652985	188.8855120344	370.4270340610206
315	270.1115277408	191.1400286172	366.05780854060106
316	280.3918761654	198.4682041249	352.54160891166
317	277.762522834	197.8881066939	353.5750640549072
318	321.182531892	248.9930695605	281.00500999285526
319	316.099055775	251.4553870225	278.2533348300838
320	136.9887377044	122.2710927181	572.2390995663562
321	135.8034708524	120.6031117899	580.153355594093
322	148.6242629318	124.1728445906	563.47505149525
323	147.3668455089	124.4402343313	562.2642899700899
324	159.5762273508	128.0231779149	546.5283797790863
325	157.7467268326	128.3286160181	545.227574106553
326	180.7134138832	136.0102116567	514.4341674624054
327	177.748606647	135.4044522892	516.7355933803423
328	190.4635467718	139.2648442274	502.4117923526454
329	188.2076705038	138.5463456284	505.01728993750896
330	200.5779630738	142.3699861381	491.45400584734347
331	199.0285829812	143.6269384705	487.15304207623296
332	210.4438478637	147.6128029938	473.99885769352136
333	208.1437142072	147.9013978756	473.07396011801325
334	220.9822865227	151.8330099419	460.82403310567236
335	218.5132363816	152.6778802918	458.27398092163486
336	229.636383653	166.5041822517	420.2194746930186
337	237.8232648662	163.3059234744	428.44924734752993
338	249.4501746783	169.1675956681	413.60344292694793
339	247.1375517131	168.7107700405	414.7233752960982
340	259.1831451885	174.9407385897	399.9542963180306
341	257.1472746341	172.9971125777	404.447790818326
342	268.6952028133	179.445313219	389.91433515239686
343	266.9933229696	180.7144658326	387.17597773724026
344	287.4020077631	193.480559828	361.62961313632906
345	285.0159581118	191.2118252539	365.9203603495381
346	298.3991707104	197.1664944498	354.86911807834787
347	294.2514739285	196.8677639529	355.4076025201348
348	307.0370209458	208.2999319478	335.90169399351544
349	302.2150726028	203.4145640103	343.9689795095356
350	348.8166997035	253.1431509754	276.39815547211623
351	347.3643986506	255.2300246659	274.1382017714788
352	148.1959334552	124.1466758006	563.5938260028856
353	146.8154126353	123.0729955665	568.5105792537084
354	158.8103241595	126.6782589972	552.3307673619554
355	157.112200806	127.4628537155	548.9309077935038
356	169.3044994679	130.0306115845	538.090986017791
357	168.5254880427	129.1284706544	541.8502956428832
358	191.719497453	138.0243060048	506.9273813089613
359	190.6959662402	138.047455812	506.84237234539376
360	203.326778547	142.1578162828	492.18749858122027
361	201.7986005268	143.2102921428	488.57033215344717
362	213.4202192214	146.6753942824	477.0282046441085
363	213.4362864107	147.6666192766	473.82611143104526
364	225.958424734	150.8776900189	463.7418560108872
365	223.0715357441	150.5234042248	464.8333616977295
366	238.2010527923	156.4644995684	447.1832280996922
367	236.1735483875	155.9008722706	448.79992639524653
368	259.6518106107	166.9523276992	419.09149135112824
369	256.0914774711	165.756095237	422.11600062102394
370	269.4905201005	171.9376423111	406.93997579309
371	267.1484857993	172.9960662889	404.45023693864994
372	279.5583021052	178.5202078147	391.93490113245633
373	276.1382729143	178.3519555306	392.30464163873705
374	290.5993787694	186.5645321215	375.03537893490494
375	272.4587098683	189.0097676428	370.18351417811147
376	311.6501910261	198.0527807845	353.28107852286143
377	308.5038994798	195.8840265717	357.19247365169565
378	321.5432737967	204.5665315957	342.0320003190138
379	318.0448819723	204.1107127322	342.7958242044881
380	331.9489220826	210.633590582	332.1801608502763
381	326.8583435002	214.9006825711	325.5843544231227
382	378.9936706229	267.1887373981	261.8684480541939
383	375.2312655378	262.4702663826	266.5761000829251
384	157.340836136	125.7716781376	556.3120492313974
385	155.7392147823	124.5689963958	561.6830995224994
386	169.8394563438	127.3301200982	549.5031336343577
387	168.7774156039	128.9312897226	542.6789738203903
388	182.434172825	133.3004670502	524.8916342779987
389	180.0709837968	132.6394261029	527.5075598240261
390	207.205211844	141.9307455345	492.974934616914
391	205.5675313719	141.357283333	494.97484919240685
392	219.0344443236	144.7407182462	483.40439958979505
393	217.5095010654	145.7141398174	480.1750886199512
394	230.6736177826	150.1169026095	466.0920841273215
395	228.866559058	151.1504082651	462.9051340521942
396	241.92257681	155.1305440422	451.02852202314585
397	241.4853005754	155.0684021779	451.2092664740936
398	257.1114174454	162.1592805357	431.47885072539043
399	255.4141174208	161.1928717414	434.0657204262071
400	279.6065180465	171.8324974149	407.1889837639809
401	276.373047546	173.4059228468	403.4942916097239
402	290.2223732201	180.0719380302	388.55748855363333
403	286.6407001516	178.0057052296	393.067738529794
404	301.3427404602	185.1638783774	377.87229676293015
405	298.8410019894	185.2364701522	377.72421350131737
406	313.3184000199	191.1894728724	365.9631409031443
407	311.0602614868	193.2056591619	362.1441540766094
408	333.7950814696	205.3274967239	340.76439403576353
409	336.1380838166	210.1600044681	332.9287138962753
410	345.743443459	215.5913718942	324.5412809671088
411	342.1874235523	215.6780873059	324.4107960803767
412	356.4711673168	222.9216870396	313.86941723427196
413	354.0881640819	218.1791092928	320.6920232958756
414	406.4260390905	276.666353689	252.89775596873338
415	404.0905234528	279.2343651772	250.57195218646763
416	167.2407988642	127.8951056886	547.0756650403758
417	166.2275054344	126.0454737872	555.103629648186
418	181.3040290571	130.9866548998	534.1635760797403
419	161.0400116892	130.2415727387	537.2194033649719
420	168.6832592316	132.6848998906	527.3267723583433
421	194.4697509012	134.5354004347	520.0735254358633
422	221.4035830616	145.3638560717	481.33216805619463
423	220.4441335552	146.2416181368	478.44314697440626
424	233.9039419671	149.4235402521	468.25486721806317
425	233.4541108443	151.1287586812	462.97144640481895
426	247.9793226132	154.2170264019	453.70022774046936
427	246.1181187771	156.0540842943	448.3593000234961
428	261.1053614197	160.9321608591	434.76890900171867
429	258.2152400586	160.2623069376	436.58612768654945
430	273.3503861979	167.1829560357	418.51335602092763
431	271.1975994662	168.1266582745	416.1642223671806
432	297.7329376051	176.1572297844	397.19232690951526
433	296.3107194179	180.3458940659	387.96724684196556
434	310.6144596178	184.5623635041	379.103836077856
435	309.1837580653	186.5131081623	375.1387808041619
436	320.9157014078	193.1383642181	362.270335483368
437	321.3167196377	193.7438363769	361.13819829543905
438	334.1870195521	199.7877673242	350.213133351958
439	330.9116228775	197.235860942	354.7443130566159
440	358.6916634544	215.726840845	324.3374803336239
441	354.3090130111	210.7621392189	331.97755659203153
442	370.5404164297	222.2349482484	314.83932005957007
443	365.4728907717	220.8565278847	316.8043103372862
444	380.091547093	226.4742485116	308.94594180060267
445	379.3315955202	230.1873019374	303.96246626596303
446	429.9230242245	285.7628930623	244.84739516108556
447	428.2441959573	280.5673542002	249.38147276419707
448	177.1800909551	130.6047757246	535.7254327938114
449	176.1482932816	128.9805479621	542.4717223294763
450	191.204077647	133.4649269389	524.2448454793773
451	189.9546301867	133.6406756152	523.5554196198777
452	205.5389441832	139.2909483968	502.31763661110534
453	204.3653507086	138.4777830106	505.2673322668963
454	230.9981437419	148.300293752	471.80149296943927
455	231.4217661503	149.172488649	469.04292228196357
456	245.7058615529	154.4405416918	453.0436065138132
457	243.6918263555	153.0643201538	457.11698147351007
458	258.9564949274	158.1105729433	442.52764819903166
459	258.4266729731	156.9977025509	445.66448338513544
460	271.9966764142	165.3006270914	423.279095978942
461	269.9343111252	162.283528979	431.14849942075216
462	284.8109424393	168.1653608253	416.0684439210234
463	268.3226840192	166.8178568763	419.4293183605842
464	253.9585205432	172.4304230453	405.7770013219669
465	309.4140720576	179.9777243299	388.7608883849858
466	323.974792085	188.1569650386	371.86133389027697
467	322.085391951	190.6847872634	366.93173589852336
468	336.7984916953	196.7055607068	355.7006713414241
469	335.103081637	194.0057323628	360.650683605348
470	348.7121048284	202.6836482059	345.20939710401
471	346.0372751502	204.5204015518	342.1091464182303
472	374.0035746486	221.0788715817	316.4856935419227
473	368.7010712586	221.8595964543	315.37197902734175
474	381.9493459218	227.399929437	307.6883100765621
475	382.3140817417	230.9991200933	302.89422735350666
476	395.8929167788	240.5458983918	290.8729704716726
477	393.7838901463	236.2928224993	296.10844400577287
478	448.8376676994	296.3424742935	236.10621517151412
479	444.8883677339	289.3356741164	241.8239652392525
480	181.7890534283	131.8533704614	530.6523432442948
481	180.2957753464	131.0194012323	534.0300699126599
482	195.9480279206	134.732349732	519.3132914194399
483	194.0484276115	134.8223188587	518.966745211748
484	210.143636055	137.9671842429	507.13726154486386
485	208.615081663	138.870643484	503.8379476369418
486	237.9590237618	148.3418075077	471.66945836471723
487	236.0366476079	150.2827259347	465.5777938869849
488	251.0548180185	153.5269636383	455.73948928502864
489	251.2681486891	156.1783804515	448.00246870102563
490	264.960540581	159.624428486	438.33077846312625
491	264.7897244327	159.9045907297	437.5627971699276
492	278.9832398144	164.0179094305	426.5893904082954
493	278.2942630207	165.9267893113	421.6817566977112
494	294.1313484524	174.023447606	402.06248619101393
495	293.3354803575	171.6423324758	407.64011413014845
496	319.2641450783	186.3455136412	375.4761712950109
497	317.9879605373	185.2284126446	377.74064465071575
498	331.763052309	189.0501197397	370.1044997820589
499	331.7240267737	192.866074348	362.7817916475654
500	346.1712621744	202.0121450079	346.3568984788701
501	342.3284571374	202.1777679456	346.07316477460756
502	358.2484219238	208.3224759003	335.86534385029955
503	356.150306823	203.9170165895	343.1214381723294
504	381.024058396	223.3923644	313.20810891600917
505	379.7844278456	227.8344053373	307.1015542907782
506	392.5847385651	236.3191366833	296.0754722702254
507	392.8377551753	232.1752627917	301.35983979814966
508	404.1789879924	245.8052278366	284.6493567928169
509	405.6897562645	246.4256109768	283.93274433876616
510	456.5814929092	305.1699369081	229.27651625484498
511	455.6450014207	299.1815982981	233.86565349612394
512	145.2469216109	126.8040122096	551.7830136505955
513	176.8227808303	130.1372866401	537.6499065444649
514	193.1456690322	134.2299171568	521.2571197393117
515	193.1609276659	134.7981964525	519.0596153462285
516	208.5670024933	139.3899301245	501.9609374759415
517	206.656932794	139.710724665	500.8083679171432
518	235.4227952738	147.7459223876	473.5717837034012
519	234.3733605118	149.2088937628	468.9284816441964
520	249.7433614832	155.2381051165	450.71601426396944
521	248.2950258552	154.8523508736	451.83879744332995
522	262.7271549445	160.4864844926	435.9762768884518
523	260.2775012975	159.892014547	437.5972133332083
524	276.885818876	166.6091401849	419.9547511159974
525	274.7470833968	164.475932099	425.40144996950227
526	291.2935916551	171.8563470233	407.1324755350107
527	289.7616639543	173.2356538265	403.8908761245827
528	316.8132539342	182.6093447436	383.1583761402891
529	316.137393964	186.246466763	375.67585155338907
530	331.281860728	188.8857281745	370.42661018497154
531	325.892726109	192.8954897515	362.7264696035015
532	341.8457311019	199.3522347086	350.9782576667629
533	339.8891626522	200.7432040749	348.5462948668184
534	353.684942932	203.4105063415	343.9758410636482
535	351.4526494979	204.7995991086	341.64275860177634
536	378.6399204979	222.9836094122	313.782255944467
537	376.6472414972	226.7296430248	308.59793658452844
538	390.7739946731	233.4298619003	299.7401422011897
539	388.9276984902	228.7558372488	305.86454466690134
540	400.9528877617	244.1612540016	286.5659430121599
541	399.9237375828	244.4887988084	286.1820269109035
542	452.147539911	304.0664355473	230.10859411056526
543	450.1746093726	295.3522662111	236.89779292226888
544	175.6779984131	130.8030854489	534.9132228790893
545	174.3065789432	130.3283527041	536.8616923967218
546	190.5112970384	134.2654626641	521.1191218626633
547	186.9971009064	135.0340155735	518.1531461005524
548	203.7905517372	139.2930773691	502.3099591273829
549	202.4442123127	139.3393850516	502.1430227648085
550	231.7277714182	147.0599093363	475.78092707778626
551	229.3030332204	148.4821824856	471.22354230471814
552	246.2230081679	153.0127359252	457.2710864682786
553	243.6261563626	155.0453938289	451.2762248017079
554	257.7148245179	157.2551970331	444.9347386927547
555	255.7114570439	159.2288761101	439.4196687767858
556	227.4543997599	158.2513259279	442.1340522093184
557	261.1466661734	163.1305440563	428.90986727692376
558	287.5967509982	171.4425299366	408.1151860385781
559	284.3775436941	172.246670672	406.2098833436197
560	311.2813301374	185.9170108193	376.34157139071544
561	308.2230017261	182.1542581116	384.1156431113057
562	324.3749798032	190.4631604235	367.3587051922461
563	322.0256012393	190.2622455279	367.74663205443915
564	335.7984043784	195.2584621865	358.3368383449122
565	331.3902027357	200.412666765	349.1211465293432
566	350.4142507376	208.4118446365	335.7213219912462
567	345.5058348767	208.0770715991	336.2614605361576
568	372.5803642328	224.9833097898	310.99329130401185
569	367.9929354108	225.6777065368	310.0363836274216
570	383.9394933669	234.5579088479	298.2986177855603
571	380.346101995	234.7065637919	298.1096858545321
572	395.4672629936	244.1015053451	286.63608567707064
573	390.9437232784	244.9763443952	285.6124748401256
574	444.9349913675	294.944830003	237.2250430675063
575	444.9432814067	296.208590794	236.21293296202833
576	172.3528122215	130.6406970998	535.5781280510873
577	169.9429884064	129.4312926671	540.5825635996694
578	186.870162313	134.0976063675	521.7714312382952
579	184.5981939592	132.794774469	526.8904614641565
580	200.6708307191	139.0136777187	503.319537675881
581	199.3068437312	139.7585157038	500.637114294264
582	228.3141871796	148.0099569551	472.7269802613715
583	224.937218887	147.7014136439	473.71449110629186
584	240.1954600943	153.7859095331	454.9721116351067
585	238.119331698	153.4881539882	455.85472352074214
586	252.5161459309	157.2972897545	444.815674250982
587	250.4686898542	159.093235461	439.7943117899062
588	266.8944678714	163.9726980445	426.7070118039501
589	262.632606929	163.4268196911	428.1322988004666
590	277.1663135484	170.769906133	409.722658894635
591	276.4150680089	168.9007088638	414.2569943647887
592	305.6097986552	183.7520778027	380.77555822322194
593	302.291163352	185.1300665569	377.94131067573045
594	318.8697792486	191.7859543918	364.82494362992605
595	313.351253034	190.5615399896	367.1690520753483
596	329.8663760876	199.0287333219	351.54873787412623
597	325.8177899863	195.1367990283	358.5602528503747
598	340.8990179107	207.0216115887	337.9758251472289
599	337.8877003204	207.4840431122	337.2225591447706
600	366.225125397	218.078505565	320.8399645748004
601	356.6756512776	223.5645204366	312.9669227628724
602	332.1926223154	215.4426069041	324.7653795386212
603	372.7759883911	233.2890109102	299.921113845062
604	389.037964556	241.9438648323	289.1922886678592
605	382.4812636834	235.5974369071	296.9824329098694
606	438.1081497977	292.7136017047	239.0333062506147
607	434.762446778	291.5715619321	239.96956197084108
608	167.7946420898	129.8267295746	538.9360128631706
609	166.3966521112	129.1172080722	541.8975599354271
610	182.7389907372	132.3903364011	528.500054475416
611	180.2224828089	132.6754072933	527.3645012848839
612	197.0695058424	136.8907237764	511.12521045828936
613	192.6413679168	138.3082933562	505.8865112289631
614	222.1679316959	147.0938209376	475.6712386285886
615	219.8167559367	148.0646333096	472.5524146856716
616	235.6320996148	152.8694473443	457.699698765928
617	232.3779476267	151.2091106921	462.72542494131295
618	248.634995791	157.2808687706	444.8621154429874
619	244.4817874862	157.6131453889	443.92426676948713
620	261.9376445557	163.8179303831	427.110145002895
621	256.6876893398	163.987774904	426.6677808206137
622	275.6468154955	169.2908542527	413.30230335750156
623	271.0174032109	170.1810081863	411.1404718169523
624	299.4143226918	183.699841461	380.88383443082324
625	295.8958347442	183.6338086445	381.0207963145441
626	310.1493762449	190.9675481759	366.3884291772562
627	306.7606287794	187.0855747829	373.9908866901867
628	322.8345847304	194.6346076727	359.4854010632044
629	320.1792341556	194.9171597646	358.96429069918827
630	337.1755190999	205.3606178951	340.7094345408545
631	330.3075401275	204.5141132378	342.1196654464817
632	360.0946954336	222.7456802012	314.1174272686212
633	353.9108514157	218.5332247992	320.1723676767714
634	371.0727585185	227.6951241484	307.2894084214041
635	365.3994299896	226.6995450335	308.63890789750195
636	384.1373950991	241.9646617067	289.1674325766331
637	375.2006483167	234.3217258531	298.5992858548005
638	430.8681067675	287.8331069657	243.08635214898288
639	425.6179771889	301.5593912813	232.02162500299093
640	165.926070428	129.1729339252	541.6637826041518
641	162.8837475047	129.5154433673	540.2313282561449
642	178.7366199977	131.5767985746	531.7677642105734
643	175.9686862704	132.4306577017	528.339141512108
644	192.703355422	137.7587367234	507.9046285135905
645	190.3668616936	136.6436195122	512.049521593308
646	207.1226422076	146.6372910112	477.1521590279235
647	199.0719150368	143.3121840683	488.2229690020938
648	230.3898293203	149.1017302043	469.2655135800843
649	228.8403479985	151.2391597823	462.63348791883874
650	243.6831725235	157.9543294571	442.96538271844724
651	239.6175638761	157.5026605879	444.2356702981007
652	257.7388473383	164.0579346863	426.4853152868738
653	251.250188019	163.7681837103	427.2398851523651
654	270.286137087	167.7696687742	417.04975941849085
655	266.0974400301	170.1247761473	411.2763677609133
656	296.1447327632	181.0029923547	386.558802646133
657	289.0674133323	182.9702169501	382.40267277532877
658	306.9002688095	190.1223509302	368.0172250010079
659	300.9498474936	185.1246000279	377.9524708734287
660	318.6955474879	196.2783767147	356.47482504760205
661	310.9487779098	196.0759688258	356.84281158473846
662	331.1944876211	198.6307132657	352.2531780188814
663	323.7872129215	202.2530569159	345.9443385772603
664	351.0798693256	216.9491936251	322.51007174015604
665	345.2260961401	220.3298374141	317.56161952998553
666	365.5307429115	225.7616019499	309.9211708088741
667	355.0712944246	229.0288553318	305.49993317931546
668	375.4259244568	232.7855632671	300.5697562082826
669	365.0242596791	232.6477089156	300.7478574628178
670	425.3083216135	293.2202466131	238.62028904273512
671	413.7518248848	297.4974971928	235.18954162715346
672	160.7894671843	128.6861522829	543.7127364425636
673	159.4083116113	128.5560451881	544.2630091616783
674	176.2803611552	132.1001548945	529.6609989282695
675	172.2607326063	131.6108890068	531.6300233819173
676	189.9408733049	136.6236647003	512.1243098952415
677	186.9349633627	137.7424459062	507.9646984608295
678	215.3652676431	146.778073075	476.6944989409141
679	213.8893826252	145.7533949051	480.04576528427583
680	228.6918613617	151.6356056884	461.4239490939859
681	223.4158601666	151.8344025322	460.8198065333817
682	241.7267765012	156.871055493	446.02428268306113
683	231.6372787	153.4615403747	455.93377877715557
684	250.1670781856	162.5185862424	430.5249117515751
685	248.3791735882	163.9777242671	426.6939324394456
686	266.6984087306	166.949316522	419.0990502844007
687	260.8463309488	166.8495785976	419.34957575617426
688	289.7875669205	180.0009412172	388.7107452153377
689	280.5421175401	181.5966674523	385.2950661574149
690	287.7974684424	182.3201786255	383.7660785958333
691	294.6487944089	187.0453179319	374.0713789236588
692	312.28610545	191.1726362781	365.99537131567666
693	305.829266064	194.7768918912	359.2227975333103
694	325.0258973303	202.8373748478	344.9477693768274
695	318.2956847755	202.1988299037	346.03711620548637
696	343.6689822041	217.0017293057	322.43199270284407
697	334.8237802419	214.5969767978	326.0451337388892
698	354.0098992002	228.9896852354	305.55219082498417
699	348.9531866609	222.1422925728	314.9706397176492
700	369.3962699214	238.9186857139	292.85403019412865
701	356.1566408137	236.939931849	295.29973885782266
702	416.5932915457	286.7547897656	244.00045787271318
703	407.3814871057	296.2028379968	236.21752064629408
704	161.0184624249	129.1239770371	541.869152464973
705	158.0162127009	128.0869446605	546.256296341942
706	173.3483297119	130.6777270036	535.4263622757417
707	171.0071757298	131.9186417375	530.3897847828613
708	188.2108860641	135.8593905667	515.0052543894576
709	184.518097355	137.0438000786	510.55428964951676
710	212.613778355	146.1850366426	478.62833027884903
711	208.4286874258	146.2749962551	478.33397225303634
712	225.856097522	151.2112026112	462.71902340400766
713	221.1268748562	150.0800921355	466.2064035570356
714	235.5928661259	155.1735366299	450.9035594573023
715	230.3907157076	156.2987888536	447.6573395942117
716	249.6960084449	162.6678164027	430.12995162353855
717	244.0126748565	160.8018531519	435.1212291932052
718	263.3241766568	167.1403674512	418.61999627605616
719	254.1260553654	165.8537576199	421.8674391469129
720	282.8254023971	180.4685206042	387.7036270134507
721	279.6777450992	180.4945460767	387.6477241050121
722	292.6024397743	186.1730755518	375.8239465756278
723	290.559087847	184.2421568828	379.7627056901434
724	308.2983011632	192.4374379684	363.5898541295766
725	301.0699571051	194.9414504001	358.9195620346329
726	319.184542623	202.3029867864	345.8589569608059
727	311.4840333673	200.211167274	349.47251420918263
728	344.187797347	219.2594271979	319.1119346346178
729	330.3631618232	218.3616720219	320.4239065955802
730	353.0436400282	227.5634598468	307.4672007848008
731	342.5570972684	221.2231129118	316.27933934686035
732	364.6085626373	237.7666038709	294.27303439969495
733	350.294371574	230.7702496129	303.1946280656482
734	413.130074374	290.9279509091	240.50043930588674
735	393.5563250622	294.370580908	237.68781440108404
736	157.6234042753	126.1411942735	554.6823969994637
737	156.703624086	126.7326779126	552.0935969510009
738	170.6661107925	130.527222646	536.0437354111141
739	168.5293203394	131.0115848402	534.0619311287861
740	184.0852414414	135.7094779917	515.5741591186378
741	181.5625291475	136.9902592885	510.7538328885671
742	211.7797877653	146.4215810953	477.8551049415346
743	206.5677889634	147.0426806029	475.8366734958726
744	222.3211640042	149.3533514245	468.47492428296704
745	216.8503838911	150.3371177251	465.409348394859
746	234.262914671	153.9524694566	454.47988101109627
747	230.3391224491	155.3121678272	450.5010842282917
748	247.2847487481	160.374970877	436.27942450984057
749	240.1100213278	162.5198369083	430.5215986616996
750	259.4794678146	166.3749254476	420.5459435174119
751	255.5401811452	168.2184914812	415.93703155886175
752	280.3807664275	179.706382985	389.3478842420429
753	274.7003875893	179.0900009994	390.68792009350886
754	293.2093489922	186.495648364	375.1739014490928
755	286.3147275908	185.2638209534	377.66844945727075
756	307.1613346944	193.1554513995	362.2382878300742
757	297.1947016152	194.0766351504	360.5189256593302
758	316.1466009585	198.7719882274	352.0028180226007
759	307.6588420414	197.1708785979	354.861227467012
760	333.2071334388	213.4313071727	327.82585145010836
761	329.0941009868	216.8984480747	322.5855261809105
762	348.8885293103	226.9149915097	308.3458679150736
763	336.2338660761	219.8399110436	318.2693245637434
764	360.3677125612	236.3886976876	295.9883475159492
765	346.7658936843	229.7229424188	304.57689277043653
766	406.2921111383	286.1684919521	244.50036243581832
767	395.9332868365	286.6318919611	244.10507679827788
768	156.7334377707	127.8206203319	547.3944643541846
769	155.1843319308	128.0047145981	546.6072106772117
770	168.755167176	131.3494768012	532.6880753845589
771	167.4930492121	131.5430983236	531.9039987022038
772	182.9226510788	134.4949738866	520.2298493250318
773	180.9440049412	137.2870578965	509.6496426687849
774	208.1682381756	145.2727789265	481.6339338796575
775	199.165745083	143.8543253111	486.38301176336716
776	207.8695688324	148.1851756216	472.16801347705916
777	216.5107728466	150.5052483831	464.88943576174074
778	230.9865775321	153.7664931388	455.0295618489647
779	226.4597075804	155.0561464987	451.2449301749326
780	239.9025541749	158.3900852914	441.7467158457236
781	239.1521953467	161.0054185864	434.571088441058
782	256.3568387256	167.3646379799	418.05904069414584
783	251.7028706024	166.7104682769	419.69949891679994
784	276.053172936	178.4904195858	392.0003110663672
785	272.6917177183	176.9312863443	395.4546504785195
786	286.7484281932	183.4292892302	381.44562568844293
787	280.6087676304	184.1808709858	379.8890711370044
788	300.2695493334	190.7879214947	366.7333836012449
789	291.2223491517	189.3212774581	369.57441307929673
790	304.2627396723	198.6427495837	352.23183401676687
791	300.6744127722	200.1692286674	349.5457342060248
792	331.238100139	215.8957255328	324.0837669542932
793	321.3601789826	210.5647410934	332.28877558833193
794	340.7422888483	223.8431397115	312.577370430823
795	330.2117927002	223.7204232204	312.7488272765789
796	352.9830226669	226.7286835127	308.59924256597554
797	340.5999899871	228.2276316636	306.5724316113089
798	405.0616695367	295.6153151815	236.6869928814118
799	391.1295204376	282.5213038446	247.65672198117085
800	154.8063919179	127.5513462617	548.5500706236722
801	152.5773267127	126.4257919828	553.4337487837851
802	167.8015696497	129.2434021682	541.3684476437863
803	164.9020529967	131.4793201483	532.1620154491245
804	179.3902516539	134.3828498793	520.6639095899822
805	178.5129978252	135.7131810947	515.5600910362308
806	204.9127080797	143.8576454599	486.3717863330629
807	201.2131304863	143.5950255009	487.26130836309136
808	217.4918106723	150.4324294779	465.1144719448876
809	210.4962556118	149.1571385987	469.0911923984162
810	226.7497680672	154.3151719996	453.4116710194987
811	222.7619848471	153.4995147697	455.82098487396246
812	240.0136209589	160.5395571851	435.83214770754273
813	233.1330867928	159.8058099794	437.833267820609
814	253.0411954496	165.2529830466	423.40113146562385
815	246.7951138949	165.3829767709	423.06833125228457
816	274.0567945111	178.9140963237	391.07203645603187
817	266.0217336428	176.5852722768	396.2295331760379
818	284.8810015258	183.4728477567	381.3550661882334
819	272.805913845	182.7310178189	382.90324672379256
820	294.236932795	191.3455497349	365.6646318502714
821	289.5689511981	187.4935973405	373.177009735075
822	306.4218366172	195.4502464863	357.98522262239464
823	299.784652934	196.7272752677	355.66140945524427
824	328.0261801807	216.4783384344	323.21155320213563
825	313.620755466	210.1493861978	332.9455358682008
826	338.1402356342	221.5796984881	315.77035476360516
827	329.2687428475	217.1610219471	322.1954813651786
828	344.9699554531	228.6610178614	305.99137821738555
829	334.9399051709	227.3430136696	307.76534044580615
830	394.0025832855	292.6143257917	239.11440361196645
831	387.867257371	286.9463641231	243.83755554394688
832	152.5157518836	128.0908056524	546.2398307484533
833	150.4245729352	126.5857279599	552.7345074964901
834	165.7750303682	130.8526842718	534.7104676482272
835	161.5846735376	130.9606555317	534.2696225513597
836	177.5847207609	134.3599090546	520.7528085745198
837	174.6677284478	134.9153297316	518.6089685967833
838	202.6649440239	145.0126810326	482.4978029629738
839	196.6422114332	144.9173385324	482.81524287279666
840	213.9957440601	147.2754683303	475.08455273134547
841	208.1791220911	148.9438530321	469.7629245895808
842	225.2488362803	152.6398533021	458.38815018723153
843	221.5527350189	152.4460255154	458.97096866544314
844	235.7392288844	158.182663012	442.3259709231984
845	230.5744817299	156.4978363487	447.08797023941236
846	249.0338489138	165.1940022864	423.55230233295407
847	244.5404333955	165.7657593358	422.0913913727003
848	271.2656453727	178.296108626	392.4275214932923
849	264.1728904396	177.7348500436	393.66674562043477
850	280.7867172405	182.1817771547	384.05762141943694
851	272.8828081676	180.9876583608	386.59155344458776
852	290.3508116377	189.000447384	370.2017691939243
853	284.2584238581	191.4520236415	365.4612715455955
854	298.4578811016	197.092933629	355.0015655645249
855	297.4523118183	195.7787858184	357.3844822232222
856	320.8624093241	214.1474098393	326.7296114041512
857	312.4547367358	212.6396321171	329.04637439115146
858	327.1125746663	215.5188077654	324.65055242957277
859	321.1303847772	216.8744277012	322.6212548046431
860	341.4530119067	225.4896457872	310.29495725063475
861	336.6095579518	229.3401335571	305.08528496421945
862	389.6003721483	288.6347918242	242.411178353772
863	378.6387037903	283.3144514396	246.96339930586487
864	151.056440887	128.4158615169	544.8571475011435
865	147.4241025165	127.173476096	550.1799757929297
866	164.1547573279	130.5191069717	536.0770665950923
867	160.4316416479	130.8817705715	534.5916371277748
868	175.2404009648	135.5928058276	516.0177899774526
869	174.8358113523	134.8927880043	518.6956325476023
870	200.6468730811	143.5201091044	487.51565502993986
871	196.5761250248	142.795274158	489.9903054395311
872	206.0338234434	148.5026410369	471.15862392382803
873	208.8152693614	147.8969624066	473.088147731137
874	222.9262900438	151.4262996734	462.06174324347467
875	219.3286823278	153.9653040489	454.44199543669777
876	233.7060410913	159.1987987558	439.50268812848617
877	229.5755089576	158.2103019602	442.2486976707844
878	245.7647357237	162.7200633847	429.9918433204032
879	240.6963464644	165.5749073817	422.5779202080543
880	264.7364493976	174.8231520038	400.2233067990855
881	263.7759529642	174.4038405398	401.18554604898634
882	275.843554632	182.3605657426	383.6810865061667
883	270.7234410353	180.6705993878	387.2699832573019
884	288.5116068223	189.5248641813	369.17741797228325
885	280.4870257341	190.4524993716	367.3792690086039
886	293.4535928541	195.1833852067	358.47467204190195
887	289.8091461465	195.4142740205	358.0511216527609
888	316.5897924699	208.3751314891	335.7804719785384
889	309.5363175204	211.7951929721	330.3583004795439
890	324.9343409237	215.6047017217	324.5212161018374
891	320.4846243771	216.7457772763	322.8127480924661
892	333.6282354722	223.4933265297	313.06661852698284
893	326.0769830724	230.5774935464	303.44808994083377
894	384.7731381674	292.1652287159	239.48195446637774
895	375.7560663592	286.1911880466	244.48097258888063
896	150.2569855889	127.3629696424	549.3614054104709
897	148.3819554958	126.0553356876	555.0602012865271
898	163.1055480076	129.5299586186	540.1707894157609
899	161.4477565537	130.7547754705	535.1108573146208
900	174.4263668481	135.1231236923	517.8114455030701
901	173.8623310887	134.1630677231	521.5168465319235
902	195.9661315785	142.0090496285	492.7031071825296
903	196.5303002915	144.5007647292	484.2071260392517
904	210.6635004506	147.3200301297	474.9408477475885
905	205.7398416223	147.8573493023	473.21489483047026
906	221.0937726197	153.5890687781	455.5552068688411
907	217.4668215418	151.9018288854	460.61525732377135
908	231.2057605803	158.2486512626	442.14152500986336
909	227.9722683435	156.9631321628	445.7626388815295
910	244.9820380062	164.8977362672	424.31328400181
911	239.7083699779	162.1468032664	431.5120532166471
912	264.6146313076	177.0599727026	395.16723589200336
913	259.0863526387	174.9043020102	400.0376159753899
914	274.5797510132	182.1074026542	384.2144744267281
915	269.3696081304	179.2078368838	390.43102811049545
916	287.2370383728	186.9348013817	374.29253131487565
917	277.9088438673	186.5657878609	375.0328546419619
918	293.1806642769	196.1531109048	356.7024742929419
919	290.1104608427	195.0739328709	358.67580547681405
920	311.8042913877	210.8799808335	331.7920445717575
921	305.6578252011	208.0078126265	336.37342326961283
922	321.3318252198	216.6137101472	323.00956367190696
923	316.6195768599	215.6443073631	324.4616139214284
924	330.7657382735	227.9413061729	306.9575285618792
925	322.3784533877	223.1089388635	313.6059915681246
926	378.8376932196	290.0384954097	241.23797739732723
927	372.0584338624	289.0602758158	242.05435977853426
928	150.2831588835	126.9642745511	551.0865182145351
929	148.1519612272	127.0334540284	550.7864092584435
930	163.7017404165	130.8570512863	534.6926230739948
931	158.1675657315	130.5853982435	535.8049287373731
932	174.5896823159	133.4995217514	524.1089936658611
933	171.870291995	134.5681009147	519.9471459016241
934	198.849976023	143.4591629727	487.7227675817043
935	195.3237427665	142.4705518815	491.107103018708
936	208.2372236177	147.7174502171	473.6630634848337
937	207.3234986428	148.1332317508	472.33358222890547
938	218.5583843088	151.125380767	462.9817946190969
939	215.961224198	151.8091014797	460.89660842473404
940	230.2820869862	158.3403639141	441.8854312975936
941	224.514482315	159.1001170346	439.77528932165256
942	242.771824176	162.079904746	431.69015992235
943	238.6101782943	163.4783366167	427.9973814760019
944	264.1151649537	174.2584190448	401.5203419354556
945	260.7083751892	175.2893074007	399.1589734567038
946	274.5567164248	180.457173501	387.72800572326526
947	269.5814633265	183.6772204265	380.93074273191326
948	284.847929057	187.8850952616	372.3994173278105
949	280.2107507016	190.2942844058	367.68471643001925
950	292.0935941697	193.9731532978	360.7112572562049
951	286.1754204446	195.0980760951	358.63141964503103
952	311.1142259027	205.4820970323	340.50801023799943
953	305.9694393894	208.584863445	335.4428449140527
954	322.0333773049	219.6273834582	318.57730533550034
955	317.2941941762	219.6194032057	318.58888139526664
956	326.9698027771	224.4238023085	311.7686238281418
957	325.3899805245	229.1218788684	305.3759001347378
958	377.341228039	287.5176790215	243.3530356746095
959	370.9582016605	288.1960768602	242.78019590787378
960	149.8147217517	127.1063328968	550.4706052436314
961	145.3762884555	125.3627303077	558.1268039413659
962	160.4505573921	129.6484751036	539.6769992403649
963	160.4455640677	129.5848546486	539.9419568724726
964	173.6779804505	133.7828312225	522.9990975720398
965	171.8821834156	134.8186380768	518.9809139011052
966	196.8473468347	141.7804065302	493.4976680652723
967	195.3602140682	144.23728144	485.09164413990635
968	208.0185220583	146.4588698277	477.73344203948506
969	204.6503111435	147.6427872971	473.9025947756157
970	218.4729282662	153.1213829196	456.94663061356044
971	216.160689045	152.9622337417	457.4220596055894
972	230.0620234585	156.3979043317	447.37364160331816
973	226.8807324422	156.9652876662	445.75651750974095
974	240.9869673393	164.5255703589	425.27310403707753
975	238.4339484127	164.6513233765	424.948300233257
976	262.1158676318	174.0155950669	402.0806294579564
977	255.6827037641	172.5827438598	405.4188642222523
978	271.2597117392	181.6935438035	385.08963243994026
979	267.4249066888	181.7366903285	384.99820742596387
980	279.9369744657	187.2750282656	373.6125453991042
981	275.5472959088	185.7376971013	376.7048967008555
982	291.6817171334	192.280766424	363.8861093663018
983	285.4031203689	195.2021252979	358.44025721144504
984	307.9330352987	208.8625605463	334.99685064183467
985	304.2756444383	212.4551498822	329.3320968627747
986	318.9479545451	219.1445285036	319.2792467955713
987	319.8468580758	218.5953628553	320.08135527703655
988	331.7705549628	227.1750287506	307.9929179928197
989	321.4153925841	229.9342075251	304.2970454596763
990	373.2784497368	290.5094397155	240.84690696633112
991	369.4570067145	288.2413616478	242.7420533958404
992	146.5690510396	125.8799378328	555.8336078377746
993	148.0151571289	126.7139148191	552.1753479078326
994	160.8027107827	129.4592162965	540.4659629620486
995	158.5670214905	130.4527690558	536.3496728081847
996	173.2151705445	133.8905528959	522.5783185345452
997	171.9613376173	134.4056228267	520.5756911689309
998	197.4694255587	142.4570504958	491.15364775899843
999	194.6380426033	143.977422724	485.9671653806926
1000	209.4707087608	146.2574101238	478.3914875887323
1001	206.6845638254	146.5224334154	477.5261942424586
1002	219.0965316483	153.2266564658	456.6326879005993
1003	215.8049022193	153.119314456	456.9528034303335
1004	228.7160962675	155.4567210816	450.0821805142365
1005	224.4047589876	156.8982268246	445.94704106005685
1006	241.7603806319	163.4506378324	428.06991106235097
1007	237.7171438993	164.4563161484	425.45219082289856
1008	260.3851101459	173.9738276777	402.17716040381487
1009	259.0111705692	176.6840208517	396.0080807688206
1010	270.5599511544	178.3179465233	392.3794624387824
1011	268.054577224	179.8951652165	388.93930204180106
1012	275.2890137675	184.8915500637	378.42886803585174
1013	277.0560182713	188.0790612364	372.0153617316048
1014	291.126036732	191.6930336502	365.00178784627946
1015	285.9407880965	195.0063853538	358.8000458193025
1016	308.3102806295	210.1760451665	332.9033046776173
1017	305.3824598804	205.8787059872	339.8520486346466
1018	316.5465354478	219.1011732338	319.3424250875085
1019	310.5360631255	213.4509856166	327.7956285743128
1020	325.7233739771	223.5250328736	313.0222109823646
1021	320.2758005004	224.2002614748	312.0794754642354
1022	373.3259957169	281.6224669988	248.44715247913135
1023	368.1352457806	282.4305075425	247.73633913988988
